file : example/teste.txt
k : 3
alpha : 0.01
prob : 0.296939
bits : 1.75176
