file : example/teste.txt
k : 5
alpha : 0.01
prob : 0.306684
bits : 1.70517
