file : example/teste.txt
k : 6
alpha : 0.01
prob : 0.334056
bits : 1.58184
