file : example/teste.txt
k : 7
alpha : 0.01
prob : 0.358333
bits : 1.48063
