file : example/teste.txt
k : 8
alpha : 0.01
prob : 0.402878
bits : 1.31159
