file : example/teste.txt
k : 9
alpha : 0.01
prob : 0.442105
bits : 1.17754
