file : example/teste.txt
k : 10
alpha : 0.01
prob : 0.486111
bits : 1.04064
